399.0
399.0
401.8
405.00000000000006
407.59999999999997
410.4
412.40000000000003
413.8
415.8
416.6
417.9999999999999
418.59999999999997
419.6
420.19999999999993
420.99999999999994
422.0
422.7999999999999
422.9999999999999
423.8
424.99999999999994
425.40000000000003
425.59999999999997
426.7999999999999
427.20000000000005
427.8
428.19999999999993
428.79999999999995
429.6
430.40000000000003
430.19999999999993
431.0
431.6
432.40000000000003
432.2
433.2
433.8
434.2
434.2
434.80000000000007
435.20000000000005
436.0
436.6
436.6
437.4
437.79999999999995
437.99999999999994
438.59999999999997
439.0
439.79999999999995
440.0
440.6
441.19999999999993
441.4
441.6
441.99999999999994
442.99999999999994
443.4
443.4
444.40000000000003
444.6
445.2
445.6000000000001
445.59999999999997
446.00000000000006
446.20000000000005
446.79999999999995
447.00000000000006
446.8
447.6000000000001
447.5999999999999
448.0
448.6
448.40000000000003
448.59999999999997
448.8
448.79999999999995
449.3999999999999
448.79999999999995
449.59999999999997
449.00000000000006
449.79999999999984
449.40000000000003
449.99999999999994
450.0
450.1999999999999
450.19999999999993
450.20000000000005
450.7999999999999
450.2
451.0
450.4
451.2
451.0
450.99999999999994
450.99999999999994
451.4
451.2
451.8
451.6
451.8
