399.0
399.0
400.3999999999999
402.00000000000006
403.40000000000003
405.0000000000001
406.4
407.8
409.00000000000006
410.40000000000003
411.4999999999999
412.4999999999999
413.20000000000005
414.09999999999985
414.8
415.79999999999984
416.5
416.89999999999986
417.59999999999974
418.09999999999985
418.39999999999986
418.89999999999986
419.2999999999997
419.79999999999984
419.9999999999999
420.6999999999999
420.8
421.0999999999999
421.7999999999997
422.09999999999985
422.3999999999998
422.9999999999998
423.1999999999998
423.3999999999999
423.8999999999998
424.3999999999997
424.59999999999985
424.89999999999975
425.29999999999984
425.7999999999998
425.8999999999998
425.9999999999998
426.5999999999997
427.0999999999997
426.9999999999998
427.39999999999975
427.79999999999967
428.0999999999996
428.1999999999998
428.5999999999996
428.9999999999997
429.19999999999976
429.29999999999967
429.5999999999997
429.89999999999975
430.0999999999997
430.4999999999996
430.59999999999974
430.99999999999966
431.39999999999975
431.3999999999998
431.4999999999997
431.79999999999967
432.39999999999964
432.4999999999998
432.69999999999965
432.7999999999997
433.1999999999997
433.39999999999964
433.69999999999965
433.99999999999966
434.1999999999996
434.39999999999964
434.4999999999997
434.99999999999966
435.1999999999997
435.29999999999967
435.6999999999996
435.6999999999998
435.99999999999966
436.19999999999976
436.5999999999998
436.7999999999997
437.09999999999974
437.2999999999997
437.1999999999998
437.4999999999997
437.8999999999997
438.2999999999996
438.49999999999966
438.4999999999997
438.7999999999997
438.9999999999998
439.3999999999998
439.5999999999998
439.59999999999985
439.9999999999998
440.2999999999998
440.59999999999974
440.7999999999997
